Sample	0	1	2	3	4	5	6	7	8	9	10	11	12	13	14	15	16	17	18	19	20	21	22	23	24	25	26	27	28	29	30	31	32	33	34	35	36	37
SRR15969054_1	(1, 0.07181474657869664)	(2, 0.0)	(3, 0.014593070817085678)	(4, 5.612719545032954e-05)	(5, 0.11337693480966567)	(6, 0.0)	(7, 0.0)	(8, 0.0)	(9, 0.0)	(10, 0.0)	(15, 0.0)	(20, 0.0)	(25, 0.0)	(30, 0.0)	(35, 0.0)	(40, 0.0)	(45, 0.04219642553955774)	(50, 0.0)	(55, 0.0)	(60, 0.005343309006871372)	(65, 0.0)	(70, 0.0)	(75, 0.0)	(80, 0.0)	(85, 0.0)	(90, 0.0)	(95, 1.1225439090065907e-05)	(100, 5.6127195450329535e-06)	(105, 0.04390269228124777)	(110, 0.0)	(115, 0.0)	(120, 0.04419455369758948)	(125, 0.0)	(130, 0.0)	(135, 0.0)	(140, 0.0)	(145, 0.0)	(150, 0.0)
SRR15969054_2	(1, 0.15684744768594588)	(2, 0.0)	(3, 0.02688492662070785)	(4, 0.0)	(5, 0.0)	(6, 0.0003367631727019772)	(7, 0.0)	(8, 0.0)	(9, 0.0)	(10, 0.0)	(15, 0.0)	(20, 0.0)	(25, 0.0)	(30, 0.0)	(35, 0.0)	(40, 0.0)	(45, 0.0)	(50, 0.0)	(55, 0.0)	(60, 0.0)	(65, 0.0)	(70, 0.0)	(75, 0.0)	(80, 0.0)	(85, 0.0)	(90, 0.0)	(95, 0.0)	(100, 0.0)	(105, 0.0)	(110, 0.0)	(115, 1.683815863509886e-05)	(120, 2.2450878180131814e-05)	(125, 0.0)	(130, 0.0)	(135, 0.0)	(140, 0.0)	(145, 0.0)	(150, 0.0)
SRR15969055_1	(1, 0.07095141067298984)	(2, 0.0)	(3, 0.014141933643509047)	(4, 0.0)	(5, 0.11712421966290827)	(6, 0.0)	(7, 0.0)	(8, 0.0)	(9, 0.0)	(10, 0.0)	(15, 0.0)	(20, 0.0)	(25, 0.0)	(30, 0.0)	(35, 0.0)	(40, 0.0)	(45, 0.042951590771119146)	(50, 0.0)	(55, 0.0)	(60, 0.005233724160375571)	(65, 0.0)	(70, 6.043561386114978e-06)	(75, 0.0)	(80, 0.0)	(85, 0.0)	(90, 0.0)	(95, 0.0)	(100, 0.0)	(105, 0.04317520254240541)	(110, 0.0)	(115, 0.0)	(120, 0.04443226331071732)	(125, 0.0)	(130, 0.0)	(135, 0.0)	(140, 0.0)	(145, 0.0)	(150, 0.0)
SRR15969055_2	(1, 0.15864348638551817)	(2, 0.0)	(3, 0.02710537281672568)	(4, 0.0)	(5, 0.0)	(6, 0.0003021780693057489)	(7, 0.0)	(8, 0.0)	(9, 0.0)	(10, 0.0)	(15, 0.0)	(20, 0.0)	(25, 0.0)	(30, 0.0)	(35, 0.0)	(40, 0.0)	(45, 0.0)	(50, 0.0)	(55, 0.0)	(60, 0.0)	(65, 0.0)	(70, 0.0)	(75, 0.0)	(80, 0.0)	(85, 0.0)	(90, 0.0)	(95, 0.0)	(100, 0.0)	(105, 0.0)	(110, 0.0)	(115, 4.230492970280485e-05)	(120, 4.230492970280485e-05)	(125, 0.0)	(130, 0.0)	(135, 0.0)	(140, 0.0)	(145, 0.0)	(150, 0.0)
SRR15969056_1	(1, 0.07075989343959585)	(2, 0.0)	(3, 0.015455727096018706)	(4, 0.0)	(5, 0.11179116894450264)	(6, 0.0)	(7, 0.0)	(8, 0.0)	(9, 0.0)	(10, 0.0)	(15, 0.0)	(20, 0.0)	(25, 0.0)	(30, 0.0)	(35, 0.0)	(40, 0.0)	(45, 0.043276035868852376)	(50, 0.0)	(55, 0.0)	(60, 0.005125623781842938)	(65, 0.0)	(70, 0.0)	(75, 0.0)	(80, 0.0)	(85, 0.0)	(90, 0.0)	(95, 5.257050032659424e-06)	(100, 0.0)	(105, 0.04423281897479639)	(110, 0.0)	(115, 0.0)	(120, 0.04631461078772952)	(125, 0.0)	(130, 0.0)	(135, 0.0)	(140, 0.0)	(145, 0.0)	(150, 0.0)
SRR15969056_2	(1, 0.15379499870545144)	(2, 0.0)	(3, 0.027126378168522626)	(4, 0.0)	(5, 0.0)	(6, 0.00018399675114307983)	(7, 0.0)	(8, 0.0)	(9, 0.0)	(10, 0.0)	(15, 0.0)	(20, 0.0)	(25, 0.0)	(30, 0.0)	(35, 0.0)	(40, 0.0)	(45, 0.0)	(50, 0.0)	(55, 0.0)	(60, 0.0)	(65, 0.0)	(70, 0.0)	(75, 0.0)	(80, 0.0)	(85, 0.0)	(90, 0.0)	(95, 0.0)	(100, 0.0)	(105, 0.0)	(110, 0.0)	(115, 1.0514100065318847e-05)	(120, 5.257050032659424e-06)	(125, 0.0)	(130, 0.0)	(135, 0.0)	(140, 0.0)	(145, 0.0)	(150, 0.0)
SRR15969057_1	(1, 0.07071113376230155)	(2, 0.0)	(3, 0.015975779741463605)	(4, 0.0)	(5, 0.11709242978590556)	(6, 0.0)	(7, 0.0)	(8, 0.0)	(9, 0.0)	(10, 0.0)	(15, 0.0)	(20, 0.0)	(25, 0.0)	(30, 0.0)	(35, 0.0)	(40, 0.0)	(45, 0.04272503947156786)	(50, 0.0)	(55, 0.0)	(60, 0.0055766049488029145)	(65, 0.0)	(70, 0.0)	(75, 0.0)	(80, 0.0)	(85, 0.0)	(90, 0.0)	(95, 0.0)	(100, 0.0)	(105, 0.04314816708441477)	(110, 0.0)	(115, 0.0)	(120, 0.04430363095026596)	(125, 0.0)	(130, 0.0)	(135, 0.0)	(140, 0.0)	(145, 0.0)	(150, 0.0)
SRR15969057_2	(1, 0.1599747859340447)	(2, 0.0)	(3, 0.027828777614162407)	(4, 0.0)	(5, 0.0)	(6, 0.0005424712985216844)	(7, 0.0)	(8, 0.0)	(9, 0.0)	(10, 0.0)	(15, 0.0)	(20, 0.0)	(25, 0.0)	(30, 0.0)	(35, 0.0)	(40, 0.0)	(45, 0.0)	(50, 0.0)	(55, 0.0)	(60, 0.0)	(65, 0.0)	(70, 0.0)	(75, 0.0)	(80, 0.0)	(85, 0.0)	(90, 0.0)	(95, 0.0)	(100, 0.0)	(105, 0.0)	(110, 0.0)	(115, 5.424712985216844e-06)	(120, 3.79729908965179e-05)	(125, 0.0)	(130, 0.0)	(135, 0.0)	(140, 0.0)	(145, 0.0)	(150, 0.0)
SRR15969058_1	(1, 0.07194240372335764)	(2, 0.0)	(3, 0.01500025588671807)	(4, 0.0)	(5, 0.11544314579484004)	(6, 0.0)	(7, 0.0)	(8, 0.0)	(9, 0.0)	(10, 0.0)	(15, 0.0)	(20, 0.0)	(25, 0.0)	(30, 0.0)	(35, 0.0)	(40, 0.0)	(45, 0.04367721567014966)	(50, 0.0)	(55, 0.0)	(60, 0.005317737773173778)	(65, 0.0)	(70, 0.0)	(75, 0.0)	(80, 0.0)	(85, 0.0)	(90, 0.0)	(95, 5.882453288909046e-06)	(100, 0.0)	(105, 0.04452428894375257)	(110, 0.0)	(115, 0.0)	(120, 0.04431252062535184)	(125, 0.0)	(130, 0.0)	(135, 0.0)	(140, 0.0)	(145, 0.0)	(150, 0.0)
SRR15969058_2	(1, 0.156708555616537)	(2, 0.0)	(3, 0.026618101132313433)	(4, 0.0)	(5, 0.0)	(6, 0.00011764906577818093)	(7, 0.0)	(8, 0.0)	(9, 0.0)	(10, 0.0)	(15, 0.0)	(20, 0.0)	(25, 0.0)	(30, 0.0)	(35, 0.0)	(40, 0.0)	(45, 0.0)	(50, 0.0)	(55, 0.0)	(60, 0.0)	(65, 0.0)	(70, 0.0)	(75, 0.0)	(80, 0.0)	(85, 0.0)	(90, 0.0)	(95, 0.0)	(100, 0.0)	(105, 0.0)	(110, 0.0)	(115, 1.1764906577818092e-05)	(120, 3.529471973345428e-05)	(125, 0.0)	(130, 0.0)	(135, 0.0)	(140, 0.0)	(145, 0.0)	(150, 0.0)
SRR15969059_1	(1, 0.07141876187910232)	(2, 0.0)	(3, 0.01451963085542117)	(4, 0.0)	(5, 0.11120359877175455)	(6, 0.0)	(7, 0.0)	(8, 0.0)	(9, 0.0)	(10, 0.0)	(15, 0.0)	(20, 0.0)	(25, 0.0)	(30, 0.0)	(35, 0.0)	(40, 0.0)	(45, 0.04544067865907802)	(50, 0.0)	(55, 0.0)	(60, 0.005294161431038044)	(65, 0.0)	(70, 0.0)	(75, 0.0)	(80, 0.0)	(85, 0.0)	(90, 0.0)	(95, 0.0)	(100, 0.0)	(105, 0.04555075528289168)	(110, 0.0)	(115, 0.0)	(120, 0.046882158256637885)	(125, 0.0)	(130, 0.0)	(135, 0.0)	(140, 5.241743991126776e-06)	(145, 0.0)	(150, 0.0)
SRR15969059_2	(1, 0.1547362826180624)	(2, 0.0)	(3, 0.027492947233459936)	(4, 0.0)	(5, 0.0)	(6, 0.00020966975964507105)	(7, 0.0)	(8, 0.0)	(9, 0.0)	(10, 0.0)	(15, 0.0)	(20, 0.0)	(25, 0.0)	(30, 0.0)	(35, 0.0)	(40, 0.0)	(45, 0.0)	(50, 0.0)	(55, 0.0)	(60, 0.0)	(65, 0.0)	(70, 0.0)	(75, 0.0)	(80, 0.0)	(85, 0.0)	(90, 0.0)	(95, 0.0)	(100, 0.0)	(105, 0.0)	(110, 0.0)	(115, 2.620871995563388e-05)	(120, 1.5725231973380327e-05)	(125, 0.0)	(130, 0.0)	(135, 0.0)	(140, 0.0)	(145, 0.0)	(150, 0.0)
SRR15969060_1	(1, 0.023185505471707064)	(2, 0.008282257406300342)	(3, 0.00905269995572363)	(4, 0.0)	(5, 0.04557649206432136)	(6, 0.0003611449450421661)	(7, 0.0)	(8, 0.0)	(9, 0.0)	(10, 0.0)	(15, 0.0)	(20, 0.0)	(25, 0.0)	(30, 0.0)	(35, 0.0)	(40, 0.0)	(45, 0.030962159954948373)	(50, 0.0)	(55, 0.0)	(60, 0.002089825415310668)	(65, 0.0)	(70, 0.0)	(75, 0.0)	(80, 0.0)	(85, 0.0)	(90, 0.0)	(95, 0.0)	(100, 0.0)	(105, 0.03132330489999054)	(110, 0.0)	(115, 0.0)	(120, 0.03267157936148129)	(125, 0.0)	(130, 0.0)	(135, 0.0)	(140, 0.0)	(145, 0.0)	(150, 0.0)
SRR15969060_2	(1, 0.06700442547015655)	(2, 0.0007704425494232877)	(3, 0.009967600483163783)	(4, 4.815265933895548e-05)	(5, 0.0)	(6, 0.0002648396263642551)	(7, 0.0)	(8, 0.0)	(9, 2.407632966947774e-05)	(10, 4.815265933895548e-06)	(15, 9.630531867791096e-06)	(20, 2.407632966947774e-05)	(25, 3.370686153726883e-05)	(30, 6.741372307453766e-05)	(35, 1.926106373558219e-05)	(40, 2.8891595603373284e-05)	(45, 3.852212747116438e-05)	(50, 6.741372307453766e-05)	(55, 0.000202241169223613)	(60, 0.00026965489229815065)	(65, 0.0001107511164795976)	(70, 0.00011556638241349314)	(75, 0.00025039382856256845)	(80, 0.00025039382856256845)	(85, 0.0003129922857032106)	(90, 0.00015408850988465753)	(95, 0.00027447015823204625)	(100, 0.000298546487901524)	(105, 0.00041892813624891265)	(110, 0.000298546487901524)	(115, 0.00016853430768634417)	(120, 0.00017334957362023974)	(125, 0.00043337393405059926)	(130, 0.0005730166461335702)	(135, 0.0006163540395386301)	(140, 0.0004670807955878681)	(145, 0.0004911571252573458)	(150, 0.0006019082417369435)
SRR15969061_1	(1, 0.03227057974640401)	(2, 0.008339588024351597)	(3, 0.009064769591686518)	(4, 0.0)	(5, 0.05809222341186532)	(6, 0.0006215842005727898)	(7, 0.0)	(8, 0.0)	(9, 0.0)	(10, 0.0)	(15, 0.0)	(20, 0.0)	(25, 0.0)	(30, 0.0)	(35, 0.0)	(40, 0.0)	(45, 0.027624237847122403)	(50, 0.0)	(55, 0.0)	(60, 0.0025588549590246515)	(65, 0.0)	(70, 0.0)	(75, 0.0)	(80, 0.0)	(85, 0.0)	(90, 0.0)	(95, 0.0)	(100, 0.0)	(105, 0.027846972185660984)	(110, 0.0)	(115, 0.0)	(120, 0.029483810580502666)	(125, 0.0)	(130, 0.0)	(135, 0.0)	(140, 0.0)	(145, 0.0)	(150, 0.0)
SRR15969061_2	(1, 0.07860450203076738)	(2, 0.0006992822256443886)	(3, 0.012846073478504322)	(4, 7.769802507159873e-05)	(5, 0.0)	(6, 0.00038849012535799364)	(7, 0.0)	(8, 0.0)	(9, 7.769802507159873e-05)	(10, 0.0)	(15, 0.0)	(20, 3.107921002863949e-05)	(25, 4.143894670485265e-05)	(30, 9.323763008591847e-05)	(35, 2.0719473352426326e-05)	(40, 8.28778934097053e-05)	(45, 5.179868338106582e-05)	(50, 8.80577617478119e-05)	(55, 0.00021237460186236988)	(60, 0.00023309407521479618)	(65, 0.00010359736676213164)	(70, 0.0001398564451288777)	(75, 0.0002279142068766896)	(80, 0.0003159719686245015)	(85, 0.00029525249527207517)	(90, 0.00019683499684805013)	(95, 0.0002641732852434357)	(100, 0.00033669144197692784)	(105, 0.00041438946704852657)	(110, 0.0003211518369626081)	(115, 0.00027453302191964886)	(120, 0.00024863368022911593)	(125, 0.00041438946704852657)	(130, 0.0005231667021487647)	(135, 0.0005801452538679372)	(140, 0.00041956933538663313)	(145, 0.0004869076237820187)	(150, 0.00046618815042959237)
SRR15969062_1	(1, 0.03521822821611562)	(2, 0.007462969692855117)	(3, 0.009185193468129377)	(4, 0.0)	(5, 0.057557217764962885)	(6, 0.00019967811887237774)	(7, 0.0)	(8, 0.0)	(9, 2.4959764859047218e-05)	(10, 0.0)	(15, 0.0)	(20, 0.0)	(25, 0.0)	(30, 0.0)	(35, 0.0)	(40, 0.0)	(45, 0.024889877517441886)	(50, 0.0)	(55, 0.0)	(60, 0.0025708557804818635)	(65, 0.0)	(70, 0.0)	(75, 0.0)	(80, 0.0)	(85, 0.0)	(90, 0.0)	(95, 0.0)	(100, 0.0)	(105, 0.025349137190848352)	(110, 0.0)	(115, 0.0)	(120, 0.025458960156228158)	(125, 0.0)	(130, 0.0)	(135, 0.0)	(140, 0.0)	(145, 0.0)	(150, 0.0)
SRR15969062_2	(1, 0.08002100613810538)	(2, 0.0004742355323218971)	(3, 0.014227065969656913)	(4, 4.9919529718094436e-05)	(5, 0.0)	(6, 0.0003993562377447555)	(7, 0.0)	(8, 0.0)	(9, 2.4959764859047218e-05)	(10, 0.0)	(15, 0.0)	(20, 4.991952971809444e-06)	(25, 2.4959764859047218e-05)	(30, 6.489538863352276e-05)	(35, 0.0)	(40, 3.993562377447555e-05)	(45, 2.4959764859047218e-05)	(50, 4.9919529718094436e-05)	(55, 0.00016972640104152107)	(60, 0.0001747183540133305)	(65, 6.489538863352276e-05)	(70, 9.983905943618887e-05)	(75, 0.00018969421292875884)	(80, 0.00022463788373142498)	(85, 0.0002296298367032344)	(90, 0.00011980687132342663)	(95, 0.00021465397778780605)	(100, 0.0002645735075059005)	(105, 0.00032946889613942327)	(110, 0.00023462178967504385)	(115, 0.0001747183540133305)	(120, 0.00016972640104152107)	(125, 0.0003194849901958044)	(130, 0.000394364284772946)	(135, 0.0004692435793500877)	(140, 0.00036940451991389876)	(145, 0.000394364284772946)	(150, 0.0003993562377447555)
SRR15969063_1	(1, 0.07279700815612075)	(2, 0.0)	(3, 0.01449474107623722)	(4, 2.6941897911221597e-05)	(5, 0.11717031401590272)	(6, 0.0)	(7, 0.0)	(8, 0.0)	(9, 0.0)	(10, 0.0)	(15, 0.0)	(20, 0.0)	(25, 0.0)	(30, 0.0)	(35, 0.0)	(40, 0.0)	(45, 0.04368898165283694)	(50, 0.0)	(55, 0.0)	(60, 0.005420709859737785)	(65, 0.0)	(70, 0.0)	(75, 0.0)	(80, 0.0)	(85, 0.0)	(90, 0.0)	(95, 0.0)	(100, 0.0)	(105, 0.0434411161920537)	(110, 0.0)	(115, 0.0)	(120, 0.044050003084847314)	(125, 0.0)	(130, 0.0)	(135, 0.0)	(140, 0.0)	(145, 0.0)	(150, 0.0)
SRR15969063_2	(1, 0.1601695830822124)	(2, 0.0)	(3, 0.027157433094511373)	(4, 0.0)	(5, 0.0)	(6, 0.00037718657075710234)	(7, 0.0)	(8, 0.0)	(9, 0.0)	(10, 0.0)	(15, 0.0)	(20, 0.0)	(25, 0.0)	(30, 0.0)	(35, 0.0)	(40, 0.0)	(45, 0.0)	(50, 0.0)	(55, 0.0)	(60, 0.0)	(65, 0.0)	(70, 0.0)	(75, 0.0)	(80, 0.0)	(85, 0.0)	(90, 0.0)	(95, 0.0)	(100, 0.0)	(105, 0.0)	(110, 0.0)	(115, 5.38837958224432e-06)	(120, 2.6941897911221597e-05)	(125, 0.0)	(130, 0.0)	(135, 0.0)	(140, 0.0)	(145, 0.0)	(150, 0.0)
SRR15969064_1	(1, 0.024402942222553785)	(2, 0.011058814505592188)	(3, 0.007433834928937266)	(4, 0.0)	(5, 0.04835932899001239)	(6, 0.0007092351345629194)	(7, 0.0)	(8, 0.0)	(9, 0.0)	(10, 0.0)	(15, 0.0)	(20, 0.0)	(25, 0.0)	(30, 0.0)	(35, 0.0)	(40, 0.0)	(45, 0.03206793526942267)	(50, 0.0)	(55, 0.0)	(60, 0.0020594086870271435)	(65, 0.0)	(70, 0.0)	(75, 0.0)	(80, 0.0)	(85, 0.0)	(90, 0.0)	(95, 1.0507187178709918e-05)	(100, 0.0)	(105, 0.03240416525914139)	(110, 0.0)	(115, 0.0)	(120, 0.032708873687323975)	(125, 0.0)	(130, 0.0)	(135, 0.0)	(140, 0.0)	(145, 0.0)	(150, 0.0)
SRR15969064_2	(1, 0.06874327211670962)	(2, 0.001392202301179064)	(3, 0.010769866858177666)	(4, 0.00026267967946774795)	(5, 0.0)	(6, 0.0005253593589354959)	(7, 0.0)	(8, 0.0)	(9, 0.00013133983973387397)	(10, 0.0)	(15, 2.1014374357419835e-05)	(20, 6.829671666161446e-05)	(25, 8.93110910190343e-05)	(30, 0.00018387577562742355)	(35, 6.304312307225951e-05)	(40, 0.00014710062050193884)	(45, 9.98182781977442e-05)	(50, 0.00017336858844871364)	(55, 0.0004202874871483967)	(60, 0.0005306129525248507)	(65, 0.00023115811793161816)	(70, 0.00026267967946774795)	(75, 0.0004833306102206562)	(80, 0.0004833306102206562)	(85, 0.0005673881076503355)	(90, 0.0003257228025400074)	(95, 0.0004938377973993661)	(100, 0.0005253593589354959)	(105, 0.0007407566960990491)	(110, 0.00046231623586323633)	(115, 0.00033622998971871736)	(120, 0.00035199077048678223)	(125, 0.0006724599794374347)	(130, 0.0009509004396732474)	(135, 0.0009403932524945376)	(140, 0.0007302495089203392)	(145, 0.0008458285678861483)	(150, 0.0009193788781371177)
SRR15969065_1	(1, 0.06792187417615815)	(2, 0.0)	(3, 0.014648840677318621)	(4, 0.0)	(5, 0.11443007802435139)	(6, 0.0)	(7, 0.0)	(8, 0.0)	(9, 0.0)	(10, 0.0)	(15, 0.0)	(20, 0.0)	(25, 0.0)	(30, 0.0)	(35, 0.0)	(40, 0.0)	(45, 0.05004481699643553)	(50, 0.0)	(55, 0.0)	(60, 0.005093518795780736)	(65, 0.0)	(70, 0.0)	(75, 0.0)	(80, 0.0)	(85, 0.0)	(90, 0.0)	(95, 4.974139449004625e-06)	(100, 0.0)	(105, 0.051154050093563566)	(110, 0.0)	(115, 0.0)	(120, 0.05209913658887444)	(125, 0.0)	(130, 0.0)	(135, 0.0)	(140, 4.974139449004625e-06)	(145, 0.0)	(150, 0.0)
SRR15969065_2	(1, 0.15608849590976515)	(2, 0.0)	(3, 0.02723341348330032)	(4, 0.0)	(5, 0.0)	(6, 0.00034818976143032374)	(7, 0.0)	(8, 0.0)	(9, 0.0)	(10, 0.0)	(15, 0.0)	(20, 0.0)	(25, 0.0)	(30, 0.0)	(35, 0.0)	(40, 0.0)	(45, 0.0)	(50, 0.0)	(55, 0.0)	(60, 0.0)	(65, 0.0)	(70, 0.0)	(75, 0.0)	(80, 0.0)	(85, 0.0)	(90, 0.0)	(95, 0.0)	(100, 0.0)	(105, 0.0)	(110, 0.0)	(115, 1.4922418347013875e-05)	(120, 4.974139449004625e-06)	(125, 0.0)	(130, 0.0)	(135, 0.0)	(140, 0.0)	(145, 0.0)	(150, 0.0)
SRR15969066_1	(1, 0.07365224231901137)	(2, 0.0)	(3, 0.01497670216152541)	(4, 2.238669979301257e-05)	(5, 0.11670186602097456)	(6, 0.0)	(7, 0.0)	(8, 0.0)	(9, 0.0)	(10, 0.0)	(15, 0.0)	(20, 0.0)	(25, 0.0)	(30, 0.0)	(35, 0.0)	(40, 0.0)	(45, 0.04356451779720247)	(50, 0.0)	(55, 0.0)	(60, 0.005390717310157428)	(65, 0.0)	(70, 0.0)	(75, 0.0)	(80, 0.0)	(85, 0.0)	(90, 0.0)	(95, 1.3432019875807544e-05)	(100, 0.0)	(105, 0.04359138183695408)	(110, 0.0)	(115, 0.0)	(120, 0.04445550844896437)	(125, 0.0)	(130, 0.0)	(135, 0.0)	(140, 0.0)	(145, 0.0)	(150, 0.0)
SRR15969066_2	(1, 0.15619200445584872)	(2, 0.0)	(3, 0.027468480646026427)	(4, 0.0)	(5, 0.0)	(6, 0.0002462536977231383)	(7, 0.0)	(8, 0.0)	(9, 0.0)	(10, 0.0)	(15, 0.0)	(20, 0.0)	(25, 0.0)	(30, 0.0)	(35, 0.0)	(40, 0.0)	(45, 0.0)	(50, 0.0)	(55, 0.0)	(60, 0.0)	(65, 0.0)	(70, 0.0)	(75, 0.0)	(80, 0.0)	(85, 0.0)	(90, 0.0)	(95, 0.0)	(100, 0.0)	(105, 0.0)	(110, 0.0)	(115, 1.790935983441006e-05)	(120, 4.925073954462766e-05)	(125, 0.0)	(130, 0.0)	(135, 0.0)	(140, 0.0)	(145, 0.0)	(150, 0.0)
SRR15969067_1	(1, 0.06792222101178523)	(2, 0.0)	(3, 0.015087965211161613)	(4, 2.6377561557974846e-05)	(5, 0.11872540457244479)	(6, 0.0)	(7, 0.0)	(8, 0.0)	(9, 0.0)	(10, 0.0)	(15, 0.0)	(20, 0.0)	(25, 0.0)	(30, 0.0)	(35, 0.0)	(40, 0.0)	(45, 0.057624420979551845)	(50, 0.0)	(55, 0.0)	(60, 0.004906226449783321)	(65, 0.0)	(70, 0.0)	(75, 0.0)	(80, 0.0)	(85, 0.0)	(90, 0.0)	(95, 2.1102049246379878e-05)	(100, 0.0)	(105, 0.05759804341799388)	(110, 0.0)	(115, 0.0)	(120, 0.05871117651574041)	(125, 0.0)	(130, 0.0)	(135, 0.0)	(140, 0.0)	(145, 0.0)	(150, 0.0)
SRR15969067_2	(1, 0.16203736065063948)	(2, 0.0)	(3, 0.02497955079540218)	(4, 0.0)	(5, 0.0)	(6, 0.00013188780778987424)	(7, 0.0)	(8, 0.0)	(9, 0.0)	(10, 0.0)	(15, 0.0)	(20, 0.0)	(25, 0.0)	(30, 0.0)	(35, 0.0)	(40, 0.0)	(45, 0.0)	(50, 0.0)	(55, 0.0)	(60, 0.0)	(65, 0.0)	(70, 0.0)	(75, 0.0)	(80, 0.0)	(85, 0.0)	(90, 0.0)	(95, 0.0)	(100, 0.0)	(105, 0.0)	(110, 0.0)	(115, 2.6377561557974846e-05)	(120, 0.0)	(125, 0.0)	(130, 0.0)	(135, 0.0)	(140, 0.0)	(145, 0.0)	(150, 0.0)
SRR15969068_1	(1, 0.07082724806084623)	(2, 0.0)	(3, 0.0163703442119964)	(4, 2.21820382276374e-05)	(5, 0.11607860604522652)	(6, 0.0)	(7, 0.0)	(8, 0.0)	(9, 0.0)	(10, 0.0)	(15, 0.0)	(20, 0.0)	(25, 0.0)	(30, 0.0)	(35, 0.0)	(40, 0.0)	(45, 0.04734090598542374)	(50, 0.0)	(55, 0.0)	(60, 0.0051551056841029315)	(65, 0.0)	(70, 0.0)	(75, 0.0)	(80, 0.0)	(85, 0.0)	(90, 0.0)	(95, 1.3309222936582439e-05)	(100, 0.0)	(105, 0.048099531692808936)	(110, 0.0)	(115, 0.0)	(120, 0.04990514960453862)	(125, 0.0)	(130, 0.0)	(135, 0.0)	(140, 0.0)	(145, 0.0)	(150, 0.0)
SRR15969068_2	(1, 0.15804702237191648)	(2, 0.0)	(3, 0.027106450714172902)	(4, 0.0)	(5, 0.0)	(6, 0.000332730573414561)	(7, 0.0)	(8, 0.0)	(9, 0.0)	(10, 0.0)	(15, 0.0)	(20, 0.0)	(25, 0.0)	(30, 0.0)	(35, 0.0)	(40, 0.0)	(45, 0.0)	(50, 0.0)	(55, 0.0)	(60, 0.0)	(65, 0.0)	(70, 0.0)	(75, 0.0)	(80, 0.0)	(85, 0.0)	(90, 0.0)	(95, 0.0)	(100, 0.0)	(105, 0.0)	(110, 0.0)	(115, 8.87281529105496e-06)	(120, 8.87281529105496e-06)	(125, 0.0)	(130, 0.0)	(135, 0.0)	(140, 0.0)	(145, 0.0)	(150, 0.0)
SRR15969069_1	(1, 0.07551477670098389)	(2, 0.0)	(3, 0.015358937634098416)	(4, 0.0)	(5, 0.11647194372524633)	(6, 0.0)	(7, 0.0)	(8, 0.0)	(9, 0.0)	(10, 0.0)	(15, 0.0)	(20, 0.0)	(25, 0.0)	(30, 0.0)	(35, 0.0)	(40, 0.0)	(45, 0.04330531229716788)	(50, 0.0)	(55, 0.0)	(60, 0.004952272839712502)	(65, 0.0)	(70, 0.0)	(75, 0.0)	(80, 0.0)	(85, 0.0)	(90, 0.0)	(95, 9.845472842370779e-06)	(100, 0.0)	(105, 0.042325687749351984)	(110, 0.0)	(115, 0.0)	(120, 0.04423570948077191)	(125, 0.0)	(130, 0.0)	(135, 0.0)	(140, 4.9227364211853894e-06)	(145, 0.0)	(150, 0.0)
SRR15969069_2	(1, 0.15814290753058066)	(2, 0.0)	(3, 0.025942820939647008)	(4, 0.0)	(5, 0.0)	(6, 0.00027075050316519646)	(7, 0.0)	(8, 0.0)	(9, 0.0)	(10, 0.0)	(15, 0.0)	(20, 0.0)	(25, 0.0)	(30, 0.0)	(35, 0.0)	(40, 0.0)	(45, 0.0)	(50, 0.0)	(55, 0.0)	(60, 0.0)	(65, 0.0)	(70, 0.0)	(75, 0.0)	(80, 0.0)	(85, 0.0)	(90, 0.0)	(95, 0.0)	(100, 0.0)	(105, 0.0)	(110, 0.0)	(115, 1.9690945684741558e-05)	(120, 2.953641852711234e-05)	(125, 0.0)	(130, 0.0)	(135, 0.0)	(140, 0.0)	(145, 0.0)	(150, 0.0)
SRR15969070_1	(1, 0.06824513139415413)	(2, 0.0)	(3, 0.016175946778393412)	(4, 0.0)	(5, 0.1132316274487539)	(6, 0.0)	(7, 0.0)	(8, 0.0)	(9, 0.0)	(10, 0.0)	(15, 0.0)	(20, 0.0)	(25, 0.0)	(30, 0.0)	(35, 0.0)	(40, 0.0)	(45, 0.05110502507614461)	(50, 0.0)	(55, 0.0)	(60, 0.005355426447535898)	(65, 0.0)	(70, 0.0)	(75, 0.0)	(80, 0.0)	(85, 0.0)	(90, 0.0)	(95, 4.569476491071586e-06)	(100, 0.0)	(105, 0.051360915759644625)	(110, 0.0)	(115, 0.0)	(120, 0.05150713900735892)	(125, 0.0)	(130, 0.0)	(135, 0.0)	(140, 0.0)	(145, 0.0)	(150, 0.0)
SRR15969070_2	(1, 0.15463108445786247)	(2, 0.0)	(3, 0.028285059479733116)	(4, 0.0)	(5, 0.0)	(6, 0.0002970159719196531)	(7, 0.0)	(8, 0.0)	(9, 0.0)	(10, 0.0)	(15, 0.0)	(20, 0.0)	(25, 0.0)	(30, 0.0)	(35, 0.0)	(40, 0.0)	(45, 0.0)	(50, 0.0)	(55, 0.0)	(60, 0.0)	(65, 0.0)	(70, 0.0)	(75, 0.0)	(80, 0.0)	(85, 0.0)	(90, 0.0)	(95, 0.0)	(100, 0.0)	(105, 0.0)	(110, 0.0)	(115, 1.8277905964286343e-05)	(120, 0.0)	(125, 0.0)	(130, 0.0)	(135, 0.0)	(140, 0.0)	(145, 0.0)	(150, 0.0)
SRR15969071_1	(1, 0.06527547978379236)	(2, 0.0)	(3, 0.01566199357085468)	(4, 5.151971569360091e-05)	(5, 0.1188302242472905)	(6, 0.0)	(7, 0.0)	(8, 0.0)	(9, 0.0)	(10, 0.0)	(15, 0.0)	(20, 0.0)	(25, 0.0)	(30, 0.0)	(35, 0.0)	(40, 0.0)	(45, 0.05429147639791664)	(50, 0.0)	(55, 0.0)	(60, 0.005234403114469853)	(65, 0.0)	(70, 0.0)	(75, 0.0)	(80, 0.0)	(85, 0.0)	(90, 0.0)	(95, 2.5759857846800457e-05)	(100, 0.0)	(105, 0.05502820833233514)	(110, 0.0)	(115, 0.0)	(120, 0.054600594692078244)	(125, 0.0)	(130, 0.0)	(135, 0.0)	(140, 0.0)	(145, 0.0)	(150, 0.0)
SRR15969071_2	(1, 0.1566199357085468)	(2, 0.0)	(3, 0.026687212729285273)	(4, 0.0)	(5, 0.0)	(6, 0.00046367744124240824)	(7, 0.0)	(8, 0.0)	(9, 0.0)	(10, 0.0)	(15, 0.0)	(20, 0.0)	(25, 0.0)	(30, 0.0)	(35, 0.0)	(40, 0.0)	(45, 0.0)	(50, 0.0)	(55, 0.0)	(60, 0.0)	(65, 0.0)	(70, 0.0)	(75, 0.0)	(80, 0.0)	(85, 0.0)	(90, 0.0)	(95, 0.0)	(100, 0.0)	(105, 0.0)	(110, 0.0)	(115, 1.0303943138720182e-05)	(120, 0.0)	(125, 0.0)	(130, 0.0)	(135, 0.0)	(140, 0.0)	(145, 0.0)	(150, 0.0)
