Sample	0	1	2	3	4	5	6	7	8	9	10	11	12	13	14	15	16	17	18	19	20	21	22	23	24	25	26	27	28	29	30	31	32
SRR15969054_1	(14.0, 3.0)	(15.0, 12.0)	(16.0, 22.0)	(17.0, 42.0)	(18.0, 85.0)	(19.0, 144.0)	(20.0, 196.0)	(21.0, 272.0)	(22.0, 447.0)	(23.0, 715.0)	(24.0, 1187.0)	(25.0, 1949.0)	(26.0, 3375.0)	(27.0, 5851.0)	(28.0, 9395.0)	(29.0, 14491.0)	(30.0, 21002.0)	(31.0, 30256.0)	(32.0, 42370.0)	(33.0, 62606.0)	(34.0, 107813.0)	(35.0, 263223.0)	(36.0, 2479686.0)	(37.0, 518193.0)									
SRR15969054_2	(12.0, 23.0)	(13.0, 59.0)	(14.0, 92.0)	(15.0, 97.0)	(16.0, 113.0)	(17.0, 172.0)	(18.0, 201.0)	(19.0, 326.0)	(20.0, 548.0)	(21.0, 1003.0)	(22.0, 1646.0)	(23.0, 2624.0)	(24.0, 3721.0)	(25.0, 4836.0)	(26.0, 6603.0)	(27.0, 8816.0)	(28.0, 11864.0)	(29.0, 16131.0)	(30.0, 22277.0)	(31.0, 32201.0)	(32.0, 50431.0)	(33.0, 89246.0)	(34.0, 202827.0)	(35.0, 664394.0)	(36.0, 2330439.0)	(37.0, 112645.0)							
SRR15969055_1	(13.0, 2.0)	(14.0, 5.0)	(15.0, 20.0)	(16.0, 47.0)	(17.0, 62.0)	(18.0, 114.0)	(19.0, 167.0)	(20.0, 247.0)	(21.0, 314.0)	(22.0, 444.0)	(23.0, 651.0)	(24.0, 1094.0)	(25.0, 1713.0)	(26.0, 2606.0)	(27.0, 4364.0)	(28.0, 7011.0)	(29.0, 10977.0)	(30.0, 16449.0)	(31.0, 23782.0)	(32.0, 34454.0)	(33.0, 53070.0)	(34.0, 94815.0)	(35.0, 240451.0)	(36.0, 2321038.0)	(37.0, 495410.0)								
SRR15969055_2	(11.0, 2.0)	(12.0, 10.0)	(13.0, 74.0)	(14.0, 107.0)	(15.0, 132.0)	(16.0, 134.0)	(17.0, 206.0)	(18.0, 231.0)	(19.0, 339.0)	(20.0, 518.0)	(21.0, 784.0)	(22.0, 1150.0)	(23.0, 1691.0)	(24.0, 2346.0)	(25.0, 3138.0)	(26.0, 4275.0)	(27.0, 5648.0)	(28.0, 7998.0)	(29.0, 10858.0)	(30.0, 15452.0)	(31.0, 22865.0)	(32.0, 36297.0)	(33.0, 65539.0)	(34.0, 153207.0)	(35.0, 535508.0)	(36.0, 2303178.0)	(37.0, 137620.0)						
SRR15969056_1	(13.0, 1.0)	(14.0, 2.0)	(15.0, 4.0)	(16.0, 17.0)	(17.0, 30.0)	(18.0, 73.0)	(19.0, 120.0)	(20.0, 211.0)	(21.0, 323.0)	(22.0, 497.0)	(23.0, 871.0)	(24.0, 1444.0)	(25.0, 2362.0)	(26.0, 3844.0)	(27.0, 6058.0)	(28.0, 9623.0)	(29.0, 14658.0)	(30.0, 20782.0)	(31.0, 29514.0)	(32.0, 42685.0)	(33.0, 63686.0)	(34.0, 112868.0)	(35.0, 289266.0)	(36.0, 2686032.0)	(37.0, 519444.0)								
SRR15969056_2	(12.0, 18.0)	(13.0, 91.0)	(14.0, 144.0)	(15.0, 143.0)	(16.0, 176.0)	(17.0, 179.0)	(18.0, 253.0)	(19.0, 358.0)	(20.0, 512.0)	(21.0, 808.0)	(22.0, 1197.0)	(23.0, 1841.0)	(24.0, 2518.0)	(25.0, 3229.0)	(26.0, 4493.0)	(27.0, 6174.0)	(28.0, 8407.0)	(29.0, 11671.0)	(30.0, 16861.0)	(31.0, 24894.0)	(32.0, 39223.0)	(33.0, 70830.0)	(34.0, 164731.0)	(35.0, 601153.0)	(36.0, 2677768.0)	(37.0, 166743.0)							
SRR15969057_1	(14.0, 2.0)	(15.0, 10.0)	(16.0, 20.0)	(17.0, 33.0)	(18.0, 75.0)	(19.0, 148.0)	(20.0, 257.0)	(21.0, 396.0)	(22.0, 678.0)	(23.0, 948.0)	(24.0, 1657.0)	(25.0, 2849.0)	(26.0, 4205.0)	(27.0, 6508.0)	(28.0, 10130.0)	(29.0, 14954.0)	(30.0, 21655.0)	(31.0, 30438.0)	(32.0, 44084.0)	(33.0, 65859.0)	(34.0, 116403.0)	(35.0, 292902.0)	(36.0, 2589494.0)	(37.0, 483126.0)									
SRR15969057_2	(11.0, 1.0)	(12.0, 15.0)	(13.0, 82.0)	(14.0, 148.0)	(15.0, 159.0)	(16.0, 157.0)	(17.0, 187.0)	(18.0, 272.0)	(19.0, 399.0)	(20.0, 627.0)	(21.0, 975.0)	(22.0, 1560.0)	(23.0, 2395.0)	(24.0, 3574.0)	(25.0, 4434.0)	(26.0, 6135.0)	(27.0, 8207.0)	(28.0, 11136.0)	(29.0, 15269.0)	(30.0, 21579.0)	(31.0, 31560.0)	(32.0, 50784.0)	(33.0, 93303.0)	(34.0, 222167.0)	(35.0, 750705.0)	(36.0, 2357882.0)	(37.0, 103119.0)						
SRR15969058_1	(14.0, 5.0)	(15.0, 12.0)	(16.0, 23.0)	(17.0, 46.0)	(18.0, 89.0)	(19.0, 169.0)	(20.0, 225.0)	(21.0, 330.0)	(22.0, 448.0)	(23.0, 679.0)	(24.0, 1060.0)	(25.0, 1664.0)	(26.0, 2848.0)	(27.0, 4663.0)	(28.0, 7767.0)	(29.0, 12183.0)	(30.0, 17782.0)	(31.0, 26326.0)	(32.0, 37298.0)	(33.0, 56519.0)	(34.0, 98201.0)	(35.0, 245448.0)	(36.0, 2370888.0)	(37.0, 515269.0)									
SRR15969058_2	(12.0, 15.0)	(13.0, 63.0)	(14.0, 127.0)	(15.0, 154.0)	(16.0, 181.0)	(17.0, 191.0)	(18.0, 250.0)	(19.0, 328.0)	(20.0, 486.0)	(21.0, 770.0)	(22.0, 1356.0)	(23.0, 1905.0)	(24.0, 2718.0)	(25.0, 3719.0)	(26.0, 5049.0)	(27.0, 6588.0)	(28.0, 9110.0)	(29.0, 12596.0)	(30.0, 18009.0)	(31.0, 26107.0)	(32.0, 40779.0)	(33.0, 72524.0)	(34.0, 163347.0)	(35.0, 560968.0)	(36.0, 2341684.0)	(37.0, 130918.0)							
SRR15969059_1	(14.0, 3.0)	(15.0, 10.0)	(16.0, 23.0)	(17.0, 40.0)	(18.0, 70.0)	(19.0, 151.0)	(20.0, 290.0)	(21.0, 466.0)	(22.0, 850.0)	(23.0, 1339.0)	(24.0, 2296.0)	(25.0, 3589.0)	(26.0, 4817.0)	(27.0, 6658.0)	(28.0, 9890.0)	(29.0, 13869.0)	(30.0, 19780.0)	(31.0, 28530.0)	(32.0, 41657.0)	(33.0, 65190.0)	(34.0, 120099.0)	(35.0, 320723.0)	(36.0, 2735721.0)	(37.0, 439463.0)									
SRR15969059_2	(12.0, 9.0)	(13.0, 76.0)	(14.0, 119.0)	(15.0, 169.0)	(16.0, 184.0)	(17.0, 208.0)	(18.0, 302.0)	(19.0, 434.0)	(20.0, 631.0)	(21.0, 971.0)	(22.0, 1563.0)	(23.0, 2525.0)	(24.0, 3517.0)	(25.0, 4630.0)	(26.0, 5757.0)	(27.0, 7909.0)	(28.0, 10252.0)	(29.0, 14111.0)	(30.0, 20170.0)	(31.0, 29787.0)	(32.0, 49545.0)	(33.0, 95514.0)	(34.0, 244659.0)	(35.0, 893692.0)	(36.0, 2365411.0)	(37.0, 63379.0)							
SRR15969060_1	(14.0, 2.0)	(15.0, 11.0)	(16.0, 22.0)	(17.0, 42.0)	(18.0, 92.0)	(19.0, 185.0)	(20.0, 326.0)	(21.0, 579.0)	(22.0, 798.0)	(23.0, 1378.0)	(24.0, 2302.0)	(25.0, 3879.0)	(26.0, 6298.0)	(27.0, 10353.0)	(28.0, 16499.0)	(29.0, 25462.0)	(30.0, 37177.0)	(31.0, 54449.0)	(32.0, 76936.0)	(33.0, 112140.0)	(34.0, 184598.0)	(35.0, 413471.0)	(36.0, 2871081.0)	(37.0, 335377.0)									
SRR15969060_2	(5.0, 1.0)	(6.0, 0.0)	(7.0, 0.0)	(8.0, 0.0)	(9.0, 0.0)	(10.0, 0.0)	(11.0, 0.0)	(12.0, 13.0)	(13.0, 51.0)	(14.0, 114.0)	(15.0, 155.0)	(16.0, 199.0)	(17.0, 383.0)	(18.0, 725.0)	(19.0, 1293.0)	(20.0, 2263.0)	(21.0, 3748.0)	(22.0, 5893.0)	(23.0, 7954.0)	(24.0, 9578.0)	(25.0, 10825.0)	(26.0, 12752.0)	(27.0, 15754.0)	(28.0, 19486.0)	(29.0, 25994.0)	(30.0, 36308.0)	(31.0, 52750.0)	(32.0, 81378.0)	(33.0, 138451.0)	(34.0, 299406.0)	(35.0, 1006277.0)	(36.0, 2369188.0)	(37.0, 52518.0)
SRR15969061_1	(14.0, 8.0)	(15.0, 10.0)	(16.0, 24.0)	(17.0, 43.0)	(18.0, 106.0)	(19.0, 265.0)	(20.0, 436.0)	(21.0, 749.0)	(22.0, 1253.0)	(23.0, 1973.0)	(24.0, 3135.0)	(25.0, 4627.0)	(26.0, 6302.0)	(27.0, 9257.0)	(28.0, 13816.0)	(29.0, 20578.0)	(30.0, 30690.0)	(31.0, 45153.0)	(32.0, 65792.0)	(33.0, 99351.0)	(34.0, 166000.0)	(35.0, 379023.0)	(36.0, 2695804.0)	(37.0, 316707.0)									
SRR15969061_2	(9.0, 1.0)	(10.0, 0.0)	(11.0, 0.0)	(12.0, 11.0)	(13.0, 59.0)	(14.0, 95.0)	(15.0, 134.0)	(16.0, 165.0)	(17.0, 178.0)	(18.0, 314.0)	(19.0, 556.0)	(20.0, 909.0)	(21.0, 1581.0)	(22.0, 2747.0)	(23.0, 4050.0)	(24.0, 5316.0)	(25.0, 6829.0)	(26.0, 8339.0)	(27.0, 11170.0)	(28.0, 14908.0)	(29.0, 21197.0)	(30.0, 30555.0)	(31.0, 45395.0)	(32.0, 71823.0)	(33.0, 123514.0)	(34.0, 270570.0)	(35.0, 920489.0)	(36.0, 2267725.0)	(37.0, 52472.0)				
SRR15969062_1	(14.0, 4.0)	(15.0, 10.0)	(16.0, 47.0)	(17.0, 76.0)	(18.0, 229.0)	(19.0, 473.0)	(20.0, 943.0)	(21.0, 1652.0)	(22.0, 2601.0)	(23.0, 4278.0)	(24.0, 6822.0)	(25.0, 9228.0)	(26.0, 11391.0)	(27.0, 15093.0)	(28.0, 19633.0)	(29.0, 25539.0)	(30.0, 34315.0)	(31.0, 47518.0)	(32.0, 67216.0)	(33.0, 99827.0)	(34.0, 167276.0)	(35.0, 383933.0)	(36.0, 2758004.0)	(37.0, 350340.0)									
SRR15969062_2	(11.0, 3.0)	(12.0, 37.0)	(13.0, 116.0)	(14.0, 200.0)	(15.0, 302.0)	(16.0, 308.0)	(17.0, 470.0)	(18.0, 823.0)	(19.0, 1460.0)	(20.0, 2473.0)	(21.0, 4057.0)	(22.0, 6042.0)	(23.0, 8160.0)	(24.0, 9521.0)	(25.0, 10653.0)	(26.0, 12098.0)	(27.0, 15193.0)	(28.0, 19088.0)	(29.0, 25285.0)	(30.0, 34787.0)	(31.0, 51166.0)	(32.0, 78871.0)	(33.0, 137584.0)	(34.0, 303806.0)	(35.0, 996100.0)	(36.0, 2238325.0)	(37.0, 49520.0)						
SRR15969063_1	(15.0, 6.0)	(16.0, 12.0)	(17.0, 18.0)	(18.0, 33.0)	(19.0, 78.0)	(20.0, 168.0)	(21.0, 319.0)	(22.0, 454.0)	(23.0, 724.0)	(24.0, 1382.0)	(25.0, 2206.0)	(26.0, 3194.0)	(27.0, 4961.0)	(28.0, 7488.0)	(29.0, 11381.0)	(30.0, 17110.0)	(31.0, 25530.0)	(32.0, 38223.0)	(33.0, 60860.0)	(34.0, 114948.0)	(35.0, 314068.0)	(36.0, 2696401.0)	(37.0, 412127.0)										
SRR15969063_2	(12.0, 14.0)	(13.0, 60.0)	(14.0, 128.0)	(15.0, 133.0)	(16.0, 165.0)	(17.0, 161.0)	(18.0, 235.0)	(19.0, 306.0)	(20.0, 417.0)	(21.0, 638.0)	(22.0, 1038.0)	(23.0, 1564.0)	(24.0, 2143.0)	(25.0, 2934.0)	(26.0, 3908.0)	(27.0, 5268.0)	(28.0, 7202.0)	(29.0, 10572.0)	(30.0, 15541.0)	(31.0, 23683.0)	(32.0, 39724.0)	(33.0, 79699.0)	(34.0, 217201.0)	(35.0, 849431.0)	(36.0, 2381194.0)	(37.0, 68332.0)							
SRR15969064_1	(13.0, 1.0)	(14.0, 3.0)	(15.0, 6.0)	(16.0, 19.0)	(17.0, 45.0)	(18.0, 135.0)	(19.0, 332.0)	(20.0, 563.0)	(21.0, 885.0)	(22.0, 1471.0)	(23.0, 2376.0)	(24.0, 3974.0)	(25.0, 5601.0)	(26.0, 7744.0)	(27.0, 11734.0)	(28.0, 16996.0)	(29.0, 24498.0)	(30.0, 34923.0)	(31.0, 49966.0)	(32.0, 72297.0)	(33.0, 108273.0)	(34.0, 178622.0)	(35.0, 397727.0)	(36.0, 2629659.0)	(37.0, 259068.0)								
SRR15969064_2	(5.0, 1.0)	(6.0, 1.0)	(7.0, 0.0)	(8.0, 2.0)	(9.0, 0.0)	(10.0, 0.0)	(11.0, 1.0)	(12.0, 26.0)	(13.0, 83.0)	(14.0, 164.0)	(15.0, 206.0)	(16.0, 203.0)	(17.0, 271.0)	(18.0, 366.0)	(19.0, 628.0)	(20.0, 1148.0)	(21.0, 2083.0)	(22.0, 3630.0)	(23.0, 5372.0)	(24.0, 7260.0)	(25.0, 9047.0)	(26.0, 11543.0)	(27.0, 15107.0)	(28.0, 20887.0)	(29.0, 28699.0)	(30.0, 41480.0)	(31.0, 60048.0)	(32.0, 91404.0)	(33.0, 151968.0)	(34.0, 327920.0)	(35.0, 1013232.0)	(36.0, 1975349.0)	(37.0, 38789.0)
SRR15969065_1	(14.0, 3.0)	(15.0, 5.0)	(16.0, 16.0)	(17.0, 27.0)	(18.0, 74.0)	(19.0, 117.0)	(20.0, 207.0)	(21.0, 384.0)	(22.0, 615.0)	(23.0, 981.0)	(24.0, 1655.0)	(25.0, 2721.0)	(26.0, 4237.0)	(27.0, 6764.0)	(28.0, 10287.0)	(29.0, 14934.0)	(30.0, 21353.0)	(31.0, 30489.0)	(32.0, 44031.0)	(33.0, 67222.0)	(34.0, 119663.0)	(35.0, 306999.0)	(36.0, 2860900.0)	(37.0, 527112.0)									
SRR15969065_2	(12.0, 11.0)	(13.0, 46.0)	(14.0, 68.0)	(15.0, 94.0)	(16.0, 134.0)	(17.0, 130.0)	(18.0, 207.0)	(19.0, 317.0)	(20.0, 494.0)	(21.0, 831.0)	(22.0, 1406.0)	(23.0, 2136.0)	(24.0, 3309.0)	(25.0, 4337.0)	(26.0, 5795.0)	(27.0, 7838.0)	(28.0, 10631.0)	(29.0, 14807.0)	(30.0, 20999.0)	(31.0, 30769.0)	(32.0, 49230.0)	(33.0, 90456.0)	(34.0, 221069.0)	(35.0, 798440.0)	(36.0, 2643225.0)	(37.0, 114017.0)							
SRR15969066_1	(14.0, 3.0)	(15.0, 17.0)	(16.0, 42.0)	(17.0, 54.0)	(18.0, 120.0)	(19.0, 176.0)	(20.0, 274.0)	(21.0, 425.0)	(22.0, 644.0)	(23.0, 937.0)	(24.0, 1462.0)	(25.0, 2380.0)	(26.0, 4360.0)	(27.0, 7593.0)	(28.0, 12457.0)	(29.0, 18999.0)	(30.0, 27156.0)	(31.0, 37304.0)	(32.0, 51539.0)	(33.0, 74574.0)	(34.0, 125526.0)	(35.0, 304201.0)	(36.0, 3088713.0)	(37.0, 707982.0)									
SRR15969066_2	(11.0, 2.0)	(12.0, 43.0)	(13.0, 118.0)	(14.0, 155.0)	(15.0, 206.0)	(16.0, 202.0)	(17.0, 252.0)	(18.0, 308.0)	(19.0, 461.0)	(20.0, 612.0)	(21.0, 1051.0)	(22.0, 1552.0)	(23.0, 2464.0)	(24.0, 3519.0)	(25.0, 4836.0)	(26.0, 6413.0)	(27.0, 8809.0)	(28.0, 12164.0)	(29.0, 16721.0)	(30.0, 23036.0)	(31.0, 32845.0)	(32.0, 49432.0)	(33.0, 81820.0)	(34.0, 168846.0)	(35.0, 565102.0)	(36.0, 3248299.0)	(37.0, 237670.0)						
SRR15969067_1	(13.0, 1.0)	(14.0, 7.0)	(15.0, 16.0)	(16.0, 34.0)	(17.0, 54.0)	(18.0, 118.0)	(19.0, 197.0)	(20.0, 365.0)	(21.0, 667.0)	(22.0, 1007.0)	(23.0, 1475.0)	(24.0, 1962.0)	(25.0, 2510.0)	(26.0, 3735.0)	(27.0, 5656.0)	(28.0, 8849.0)	(29.0, 13597.0)	(30.0, 20008.0)	(31.0, 28611.0)	(32.0, 40758.0)	(33.0, 60689.0)	(34.0, 105917.0)	(35.0, 258554.0)	(36.0, 2636155.0)	(37.0, 600159.0)								
SRR15969067_2	(12.0, 22.0)	(13.0, 68.0)	(14.0, 135.0)	(15.0, 138.0)	(16.0, 142.0)	(17.0, 187.0)	(18.0, 218.0)	(19.0, 334.0)	(20.0, 499.0)	(21.0, 814.0)	(22.0, 1290.0)	(23.0, 1864.0)	(24.0, 2700.0)	(25.0, 3665.0)	(26.0, 4913.0)	(27.0, 6801.0)	(28.0, 9224.0)	(29.0, 12648.0)	(30.0, 17729.0)	(31.0, 25596.0)	(32.0, 38977.0)	(33.0, 65777.0)	(34.0, 140898.0)	(35.0, 485765.0)	(36.0, 2785331.0)	(37.0, 185366.0)							
SRR15969068_1	(14.0, 7.0)	(15.0, 31.0)	(16.0, 49.0)	(17.0, 85.0)	(18.0, 155.0)	(19.0, 209.0)	(20.0, 330.0)	(21.0, 475.0)	(22.0, 638.0)	(23.0, 911.0)	(24.0, 1378.0)	(25.0, 2090.0)	(26.0, 3435.0)	(27.0, 5950.0)	(28.0, 9861.0)	(29.0, 15546.0)	(30.0, 22589.0)	(31.0, 32494.0)	(32.0, 46397.0)	(33.0, 69062.0)	(34.0, 119502.0)	(35.0, 293389.0)	(36.0, 3138142.0)	(37.0, 745427.0)									
SRR15969068_2	(11.0, 1.0)	(12.0, 17.0)	(13.0, 95.0)	(14.0, 186.0)	(15.0, 167.0)	(16.0, 190.0)	(17.0, 254.0)	(18.0, 328.0)	(19.0, 405.0)	(20.0, 535.0)	(21.0, 759.0)	(22.0, 1149.0)	(23.0, 1722.0)	(24.0, 2346.0)	(25.0, 3131.0)	(26.0, 4426.0)	(27.0, 5971.0)	(28.0, 8622.0)	(29.0, 12194.0)	(30.0, 17363.0)	(31.0, 25577.0)	(32.0, 39796.0)	(33.0, 67397.0)	(34.0, 146849.0)	(35.0, 516473.0)	(36.0, 3381428.0)	(37.0, 270771.0)						
SRR15969069_1	(14.0, 4.0)	(15.0, 13.0)	(16.0, 20.0)	(17.0, 42.0)	(18.0, 54.0)	(19.0, 130.0)	(20.0, 229.0)	(21.0, 431.0)	(22.0, 701.0)	(23.0, 1104.0)	(24.0, 1615.0)	(25.0, 2275.0)	(26.0, 3467.0)	(27.0, 5736.0)	(28.0, 9414.0)	(29.0, 15034.0)	(30.0, 22118.0)	(31.0, 31867.0)	(32.0, 45621.0)	(33.0, 68129.0)	(34.0, 118675.0)	(35.0, 299260.0)	(36.0, 2866783.0)	(37.0, 570059.0)									
SRR15969069_2	(11.0, 1.0)	(12.0, 19.0)	(13.0, 64.0)	(14.0, 83.0)	(15.0, 96.0)	(16.0, 116.0)	(17.0, 136.0)	(18.0, 219.0)	(19.0, 285.0)	(20.0, 492.0)	(21.0, 806.0)	(22.0, 1361.0)	(23.0, 2195.0)	(24.0, 3043.0)	(25.0, 4320.0)	(26.0, 5848.0)	(27.0, 8184.0)	(28.0, 11174.0)	(29.0, 15815.0)	(30.0, 22237.0)	(31.0, 32824.0)	(32.0, 50443.0)	(33.0, 86560.0)	(34.0, 188988.0)	(35.0, 639444.0)	(36.0, 2826909.0)	(37.0, 161119.0)						
SRR15969070_1	(14.0, 3.0)	(15.0, 24.0)	(16.0, 46.0)	(17.0, 81.0)	(18.0, 130.0)	(19.0, 233.0)	(20.0, 372.0)	(21.0, 711.0)	(22.0, 1228.0)	(23.0, 1711.0)	(24.0, 2315.0)	(25.0, 3348.0)	(26.0, 4866.0)	(27.0, 7748.0)	(28.0, 12080.0)	(29.0, 18057.0)	(30.0, 25984.0)	(31.0, 36860.0)	(32.0, 50843.0)	(33.0, 74299.0)	(34.0, 127053.0)	(35.0, 303430.0)	(36.0, 3018355.0)	(37.0, 687092.0)									
SRR15969070_2	(12.0, 26.0)	(13.0, 111.0)	(14.0, 168.0)	(15.0, 150.0)	(16.0, 205.0)	(17.0, 250.0)	(18.0, 343.0)	(19.0, 410.0)	(20.0, 602.0)	(21.0, 1019.0)	(22.0, 1625.0)	(23.0, 2497.0)	(24.0, 3601.0)	(25.0, 4985.0)	(26.0, 6609.0)	(27.0, 9126.0)	(28.0, 12300.0)	(29.0, 17169.0)	(30.0, 23410.0)	(31.0, 33876.0)	(32.0, 51392.0)	(33.0, 86721.0)	(34.0, 185401.0)	(35.0, 623653.0)	(36.0, 3118956.0)	(37.0, 192264.0)							
SRR15969071_1	(13.0, 1.0)	(14.0, 14.0)	(15.0, 26.0)	(16.0, 40.0)	(17.0, 75.0)	(18.0, 156.0)	(19.0, 247.0)	(20.0, 517.0)	(21.0, 981.0)	(22.0, 1585.0)	(23.0, 2239.0)	(24.0, 2727.0)	(25.0, 3506.0)	(26.0, 4746.0)	(27.0, 7001.0)	(28.0, 10732.0)	(29.0, 15578.0)	(30.0, 22477.0)	(31.0, 31523.0)	(32.0, 44289.0)	(33.0, 65137.0)	(34.0, 110744.0)	(35.0, 266919.0)	(36.0, 2687923.0)	(37.0, 602826.0)								
SRR15969071_2	(12.0, 17.0)	(13.0, 99.0)	(14.0, 148.0)	(15.0, 198.0)	(16.0, 206.0)	(17.0, 224.0)	(18.0, 330.0)	(19.0, 405.0)	(20.0, 593.0)	(21.0, 900.0)	(22.0, 1400.0)	(23.0, 2201.0)	(24.0, 3032.0)	(25.0, 4037.0)	(26.0, 5519.0)	(27.0, 7552.0)	(28.0, 10192.0)	(29.0, 13997.0)	(30.0, 19709.0)	(31.0, 27651.0)	(32.0, 42063.0)	(33.0, 70254.0)	(34.0, 147273.0)	(35.0, 500800.0)	(36.0, 2835009.0)	(37.0, 188200.0)							
