Sample	0	1	2	3	4	5	6	7	8	9	10	11	12	13	14	15
SRR15969054_1	(1.0, 18.010535736210795)	(2.0, 8.488370711712424)	(3.0, 5.1616636182308016)	(4.0, 3.338816660347236)	(5.0, 2.549066054495118)	(6.0, 1.9103495654791094)	(7.0, 1.6009653312585206)	(8.0, 1.331405855306078)	(9.0, 1.1605819010473386)	('>10', 13.627446165588525)	('>50', 3.9895469802787935)	('>100', 6.231124051725266)	('>500', 1.8707961802814885)	('>1k', 8.442704909963817)	('>5k', 4.48540646043729)	('>10k+', 17.801219817637428)
SRR15969054_2	(1.0, 17.53783172455261)	(2.0, 8.265361031524241)	(3.0, 5.312433782740589)	(4.0, 3.4750381202734624)	(5.0, 2.582985816693486)	(6.0, 2.022542717813557)	(7.0, 1.7176612022746962)	(8.0, 1.4267580746748438)	(9.0, 1.1977624365910031)	('>10', 14.152244223372756)	('>50', 4.116360062709232)	('>100', 5.8206542904047165)	('>500', 1.91204011718096)	('>1k', 8.127548475537584)	('>5k', 5.414562629966819)	('>10k+', 16.918215293689446)
SRR15969055_1	(1.0, 18.617134419004643)	(2.0, 8.848874053053864)	(3.0, 5.243785171426767)	(4.0, 3.5376238743851007)	(5.0, 2.5079565629068448)	(6.0, 1.9855460885480538)	(7.0, 1.6103936251600293)	(8.0, 1.318579174140822)	(9.0, 1.146062924839596)	('>10', 13.784969251586816)	('>50', 4.176990813310523)	('>100', 6.078870700248256)	('>500', 1.9699678536521035)	('>1k', 8.482848923865822)	('>5k', 5.501661230935782)	('>10k+', 15.188735332934975)
SRR15969055_2	(1.0, 17.54939121400599)	(2.0, 8.62044147471115)	(3.0, 5.319918787057771)	(4.0, 3.6606799963937453)	(5.0, 2.590704514620153)	(6.0, 2.1869598817051172)	(7.0, 1.7176593469514094)	(8.0, 1.4404435427848898)	(9.0, 1.243648590658375)	('>10', 14.481318793902728)	('>50', 4.172563568845207)	('>100', 5.839265977761109)	('>500', 2.0085717750462577)	('>1k', 7.825689508916348)	('>5k', 4.555804671647513)	('>10k+', 16.786938354992238)
SRR15969056_1	(1.0, 15.543834029742737)	(2.0, 7.560367423687044)	(3.0, 4.20708279923967)	(4.0, 2.6995061651577617)	(5.0, 1.8533543075983718)	(6.0, 1.4617686750666403)	(7.0, 1.1564898856608778)	(8.0, 0.9788945578829098)	(9.0, 0.8466255307664492)	('>10', 10.440986752387207)	('>50', 3.7028780086062465)	('>100', 6.151951803223903)	('>500', 2.288140840315261)	('>1k', 8.49275110642295)	('>5k', 6.26916700027421)	('>10k+', 26.346201113967766)
SRR15969056_2	(1.0, 14.63474976913508)	(2.0, 7.283759499635611)	(3.0, 4.234587385607766)	(4.0, 2.6710475062431094)	(5.0, 1.8944810452477467)	(6.0, 1.4478193555946417)	(7.0, 1.1748446760019275)	(8.0, 0.9767654856557584)	(9.0, 0.8388381284942077)	('>10', 11.10212814501314)	('>50', 3.9897248845514084)	('>100', 5.7630052559603975)	('>500', 1.947366639368276)	('>1k', 9.431533658866915)	('>5k', 4.586385329368968)	('>10k+', 28.022963235255038)
SRR15969057_1	(1.0, 12.260458783706857)	(2.0, 6.391675894454106)	(3.0, 3.8974424347662016)	(4.0, 2.644314359430789)	(5.0, 1.884955930493368)	(6.0, 1.4002065337384533)	(7.0, 1.165020019537875)	(8.0, 0.9745800677432975)	(9.0, 0.8149671335504279)	('>10', 10.609035855659448)	('>50', 3.7238381746832965)	('>100', 6.27234068257739)	('>500', 2.2966286089301855)	('>1k', 8.613807085991217)	('>5k', 7.425959142541336)	('>10k+', 29.62476929219577)
SRR15969057_2	(1.0, 12.33426091672009)	(2.0, 6.091515318878607)	(3.0, 3.8308840266381115)	(4.0, 2.5970403453656945)	(5.0, 1.857072110613306)	(6.0, 1.4535955967647836)	(7.0, 1.106235500762957)	(8.0, 0.9824273932981175)	(9.0, 0.8292748531735876)	('>10', 11.237981086368434)	('>50', 3.996468090388097)	('>100', 6.117527705321621)	('>500', 1.681291183910244)	('>1k', 9.037102651335031)	('>5k', 4.894649701569963)	('>10k+', 31.952673518891395)
SRR15969058_1	(1.0, 19.84875718098585)	(2.0, 9.032820265619801)	(3.0, 5.266001998667146)	(4.0, 3.5595286360917995)	(5.0, 2.630724385257218)	(6.0, 2.060184956527293)	(7.0, 1.6773699709805003)	(8.0, 1.3898049525889378)	(9.0, 1.1984251399794004)	('>10', 13.840683254315014)	('>50', 4.092650651362691)	('>100', 6.492553329758513)	('>500', 2.170445758054777)	('>1k', 8.233102283219248)	('>5k', 4.946017297139894)	('>10k+', 13.56092993945199)
SRR15969058_2	(1.0, 19.02670751873494)	(2.0, 8.895301472331282)	(3.0, 5.425255576069884)	(4.0, 3.7594495393333114)	(5.0, 2.6707703733448724)	(6.0, 2.156086472780242)	(7.0, 1.6871397686393033)	(8.0, 1.4469596539193577)	(9.0, 1.2095860068348157)	('>10', 14.5720162774234)	('>50', 4.315009609752762)	('>100', 6.0897504233218465)	('>500', 2.211223478780111)	('>1k', 7.279337510471034)	('>5k', 4.218037453562594)	('>10k+', 15.037368864700218)
SRR15969059_1	(1.0, 3.9778339267323397)	(2.0, 1.7650169062481649)	(3.0, 0.9460122108096127)	(4.0, 0.5551520435804058)	(5.0, 0.3991635451188967)	(6.0, 0.32050267791430415)	(7.0, 0.2413953331821912)	(8.0, 0.2120885594333091)	(9.0, 0.18724106223106277)	('>10', 2.6803475413175657)	('>50', 0.9441755497777583)	('>100', 3.046679636151116)	('>500', 2.203807300618836)	('>1k', 10.81603373964921)	('>5k', 7.749748734439632)	('>10k+', 63.95480123279559)
SRR15969059_2	(1.0, 4.499747688528685)	(2.0, 1.7295070394539698)	(3.0, 0.9787639611748472)	(4.0, 0.5770385647229134)	(5.0, 0.4023511715398564)	(6.0, 0.30802360730880907)	(7.0, 0.2451705689362942)	(8.0, 0.2106990008843059)	(9.0, 0.19123422753560168)	('>10', 2.735071044348415)	('>50', 1.1194946300160091)	('>100', 2.7358734380420957)	('>500', 1.5863270332293462)	('>1k', 10.33688626635474)	('>5k', 9.785787419049665)	('>10k+', 62.55802433887445)
SRR15969060_1	(1.0, 3.0590983720756206)	(2.0, 1.3580036947178697)	(3.0, 0.7478278077176808)	(4.0, 0.46159291407921127)	(5.0, 0.3132227592212732)	(6.0, 0.23803611906974706)	(7.0, 0.2109314388711735)	(8.0, 0.18497315428476382)	(9.0, 0.15945285429949435)	('>10', 2.2418297090894925)	('>50', 0.8625688232896562)	('>100', 2.6402182659962175)	('>500', 2.119790159722601)	('>1k', 9.794458418055473)	('>5k', 7.75522198538601)	('>10k+', 67.8527735241237)
SRR15969060_2	(1.0, 4.413851068551226)	(2.0, 1.4122094971218242)	(3.0, 0.7673927766258517)	(4.0, 0.4907923443684386)	(5.0, 0.3486340626802998)	(6.0, 0.25756624448772564)	(7.0, 0.22459021197261236)	(8.0, 0.1907747559387426)	(9.0, 0.16319068994628758)	('>10', 2.2351712157817176)	('>50', 0.916020560436389)	('>100', 2.474042978772634)	('>500', 1.4688648873892827)	('>1k', 9.226632916773575)	('>5k', 8.30805188538612)	('>10k+', 67.10221390376728)
SRR15969061_1	(1.0, 4.923897439828229)	(2.0, 2.3012365879709455)	(3.0, 1.2390294095132075)	(4.0, 0.723173816923771)	(5.0, 0.4857497317968402)	(6.0, 0.36351980919595156)	(7.0, 0.2832554539928037)	(8.0, 0.2336498609797412)	(9.0, 0.2251219476961421)	('>10', 3.0005795326483797)	('>50', 1.0660211717619317)	('>100', 3.013831065692944)	('>500', 2.1243091943164227)	('>1k', 10.56741392713003)	('>5k', 6.632237115017064)	('>10k+', 62.81697393553559)
SRR15969061_2	(1.0, 5.912333427530094)	(2.0, 2.291646384944293)	(3.0, 1.2509697158517419)	(4.0, 0.7198468090331306)	(5.0, 0.4971280352152165)	(6.0, 0.3668156171881144)	(7.0, 0.29610720841230853)	(8.0, 0.2518946413327069)	(9.0, 0.2172093235037717)	('>10', 3.062061769332376)	('>50', 1.1638100107284148)	('>100', 2.708233689930306)	('>500', 1.7138690795726232)	('>1k', 9.459754655701751)	('>5k', 9.496109059503222)	('>10k+', 60.592210572219926)
SRR15969062_1	(1.0, 4.6898879327522245)	(2.0, 2.4170566214173457)	(3.0, 1.3945086875589032)	(4.0, 0.8641140164252146)	(5.0, 0.5471301237809805)	(6.0, 0.40507818450409105)	(7.0, 0.3063530654608768)	(8.0, 0.24186574796627286)	(9.0, 0.22768140817726934)	('>10', 3.256114300126325)	('>50', 1.3680031842853824)	('>100', 4.784607270643342)	('>500', 2.9075666976110126)	('>1k', 11.089367113120371)	('>5k', 6.6837413924663664)	('>10k+', 58.81692425370403)
SRR15969062_2	(1.0, 6.2883609291827725)	(2.0, 2.426275899340936)	(3.0, 1.3738092184434558)	(4.0, 0.8499690571297206)	(5.0, 0.5589626791487887)	(6.0, 0.40376602334187073)	(7.0, 0.30066818832205205)	(8.0, 0.2597526040286423)	(9.0, 0.23615864103128642)	('>10', 3.3102837794764195)	('>50', 1.6285962800702811)	('>100', 4.0095854347513855)	('>500', 1.9077985819677705)	('>1k', 10.957760010394134)	('>5k', 8.862309521090182)	('>10k+', 56.6259431522803)
SRR15969063_1	(1.0, 3.8943604074061438)	(2.0, 1.517063185282712)	(3.0, 0.7920467873445747)	(4.0, 0.4594443506349376)	(5.0, 0.3108572384743615)	(6.0, 0.23859245910935384)	(7.0, 0.1933749705261482)	(8.0, 0.18464518595930773)	(9.0, 0.1456185152332283)	('>10', 2.283765021692417)	('>50', 0.855376813078732)	('>100', 2.77249832743511)	('>500', 2.1519371862541745)	('>1k', 10.678876951769494)	('>5k', 6.885065403114542)	('>10k+', 66.63647719668478)
SRR15969063_2	(1.0, 4.101452113569961)	(2.0, 1.519588054307472)	(3.0, 0.7858397781458462)	(4.0, 0.48191278946413224)	(5.0, 0.31735449070497523)	(6.0, 0.26370223207230525)	(7.0, 0.2182466575224006)	(8.0, 0.17658889096662972)	(9.0, 0.145350103412389)	('>10', 2.2007141318920107)	('>50', 0.9496475438314743)	('>100', 2.3583201581056774)	('>500', 1.5198566498965345)	('>1k', 9.674251270248218)	('>5k', 9.74930858236572)	('>10k+', 65.53786655349425)
SRR15969064_1	(1.0, 5.225174660316605)	(2.0, 2.196666567457088)	(3.0, 1.0843162235129375)	(4.0, 0.5837230054706875)	(5.0, 0.38911645069633727)	(6.0, 0.284581274675299)	(7.0, 0.2193387525354535)	(8.0, 0.2165391748895339)	(9.0, 0.17840850341722184)	('>10', 2.6598871570183302)	('>50', 1.0275028319821076)	('>100', 3.14258410565674)	('>500', 2.2902065914992056)	('>1k', 10.668296386748933)	('>5k', 7.324149443735614)	('>10k+', 62.5095088703879)
SRR15969064_2	(1.0, 6.922211446404848)	(2.0, 2.2512900525140305)	(3.0, 1.1129817589215443)	(4.0, 0.5970156268291654)	(5.0, 0.4004195972331026)	(6.0, 0.32266798510627986)	(7.0, 0.24091590453188366)	(8.0, 0.2165625745033934)	(9.0, 0.19459125700659294)	('>10', 2.81512222910819)	('>50', 1.2143049741215437)	('>100', 2.924656897006232)	('>500', 1.818513131409247)	('>1k', 10.518783155193557)	('>5k', 10.220626855034672)	('>10k+', 58.229336555075726)
SRR15969065_1	(1.0, 13.267443833979453)	(2.0, 6.314714344371958)	(3.0, 3.6296668780772623)	(4.0, 2.330266284266357)	(5.0, 1.6074045054401667)	(6.0, 1.251539118301902)	(7.0, 0.9662303051633365)	(8.0, 0.802942373069096)	(9.0, 0.6971683312183125)	('>10', 8.712890851365414)	('>50', 2.6061668456304465)	('>100', 4.411293801131704)	('>500', 2.150038481545424)	('>1k', 8.068562548040777)	('>5k', 7.069686233473414)	('>10k+', 36.11398526492497)
SRR15969065_2	(1.0, 12.656703103791116)	(2.0, 6.105922461761353)	(3.0, 3.5896263220083893)	(4.0, 2.327748954368382)	(5.0, 1.6435392025689597)	(6.0, 1.1870298727516773)	(7.0, 1.059141310809093)	(8.0, 0.8190156999280138)	(9.0, 0.7309166275555494)	('>10', 9.264007803939565)	('>50', 2.8546939551863897)	('>100', 3.908882661834751)	('>500', 1.9391508118479652)	('>1k', 8.756875140004684)	('>5k', 6.061279773187648)	('>10k+', 37.09546629845648)
SRR15969066_1	(1.0, 22.177295978885137)	(2.0, 9.09660871118832)	(3.0, 5.6061119129980925)	(4.0, 3.8105031529768922)	(5.0, 3.0239555964707017)	(6.0, 2.450918809097527)	(7.0, 2.018700390964709)	(8.0, 1.8583865234796568)	(9.0, 1.5161576757031305)	('>10', 20.56325139943585)	('>50', 6.836692494439483)	('>100', 9.496934045024373)	('>500', 2.1222890790729454)	('>1k', 4.9292855750760864)	('>5k', 2.128177401404545)	('>10k+', 2.364731253782503)
SRR15969066_2	(1.0, 20.273110747125344)	(2.0, 9.001702887370058)	(3.0, 5.753305215496801)	(4.0, 4.190831399932412)	(5.0, 3.3231043275574073)	(6.0, 2.6364183943418933)	(7.0, 2.2535505043743047)	(8.0, 2.0159617239077803)	(9.0, 1.7338569727244069)	('>10', 21.902509285123234)	('>50', 6.641815809921189)	('>100', 7.9290464560114415)	('>500', 2.523967823483408)	('>1k', 4.860216752401532)	('>5k', 1.0641714447744206)	('>10k+', 3.896430255454343)
SRR15969067_1	(1.0, 22.54337091884314)	(2.0, 8.955023918842988)	(3.0, 5.470294708391118)	(4.0, 3.745925668703523)	(5.0, 2.880538470051872)	(6.0, 2.2809207306461308)	(7.0, 1.920980274885256)	(8.0, 1.68113872912298)	(9.0, 1.433502032306186)	('>10', 20.24181105082124)	('>50', 7.0210031483538975)	('>100', 10.301378275376035)	('>500', 2.7939432219130906)	('>1k', 5.933238828571151)	('>5k', 1.2067793644757943)	('>10k+', 1.590150658695598)
SRR15969067_2	(1.0, 20.346896399504978)	(2.0, 8.795782843181707)	(3.0, 5.484707942347931)	(4.0, 3.974034362111874)	(5.0, 3.062840469346334)	(6.0, 2.526661893600449)	(7.0, 2.119888275825841)	(8.0, 1.8485797282907752)	(9.0, 1.6192447190543913)	('>10', 21.86783592091243)	('>50', 6.8574704601675)	('>100', 9.86603568568614)	('>500', 3.1299125202821356)	('>1k', 4.5859440887140535)	('>5k', 1.4156423432326974)	('>10k+', 2.4985223477407015)
SRR15969068_1	(1.0, 21.59254286962075)	(2.0, 8.90146671919463)	(3.0, 5.493363844341397)	(4.0, 3.9075982633227384)	(5.0, 2.9094757066316363)	(6.0, 2.3702425537452183)	(7.0, 1.9733661381099121)	(8.0, 1.6764111463833793)	(9.0, 1.4812237693936023)	('>10', 19.669204955091264)	('>50', 6.756381238513706)	('>100', 9.896182850274867)	('>500', 2.572325507639284)	('>1k', 5.144084095967813)	('>5k', 3.2541168437366297)	('>10k+', 2.4020134980331496)
SRR15969068_2	(1.0, 18.745426944628587)	(2.0, 8.66579104250254)	(3.0, 5.666839040171652)	(4.0, 4.098544042851053)	(5.0, 3.2210976967960594)	(6.0, 2.5809250719378336)	(7.0, 2.224856897065955)	(8.0, 1.802154775824735)	(9.0, 1.6230140362504086)	('>10', 21.174521140505284)	('>50', 6.69703765240694)	('>100', 9.255572204502528)	('>500', 2.8192678952320454)	('>1k', 5.653095769063009)	('>5k', 1.238334493039512)	('>10k+', 4.533521297221855)
SRR15969069_1	(1.0, 27.13893108258284)	(2.0, 11.232502089581025)	(3.0, 6.14967848696851)	(4.0, 3.850200328334192)	(5.0, 2.8602677839748782)	(6.0, 2.1475405933320815)	(7.0, 1.876565835121688)	(8.0, 1.5802776096710016)	(9.0, 1.3180105580267172)	('>10', 16.00838503956163)	('>50', 4.448598424798434)	('>100', 6.59024770936841)	('>500', 2.174788613313887)	('>1k', 5.039191772961735)	('>5k', 3.714669385779327)	('>10k+', 3.870144686623604)
SRR15969069_2	(1.0, 26.194067120836493)	(2.0, 11.080054020364868)	(3.0, 6.374488807667879)	(4.0, 4.167487005548591)	(5.0, 3.019440266032437)	(6.0, 2.3429082435565984)	(7.0, 1.9743226662526587)	(8.0, 1.645921385301248)	(9.0, 1.4079233770679438)	('>10', 16.78309733669645)	('>50', 4.272528962549107)	('>100', 5.441389392434631)	('>500', 2.1463153681688225)	('>1k', 5.739852401467589)	('>5k', 1.6581321811068295)	('>10k+', 5.752071464947833)
SRR15969070_1	(1.0, 22.773599964059287)	(2.0, 8.930033510331896)	(3.0, 5.5348269560356576)	(4.0, 3.8716025116595443)	(5.0, 2.977255618365492)	(6.0, 2.399029902002262)	(7.0, 1.9587595296397142)	(8.0, 1.6992279024601404)	(9.0, 1.49436189061928)	('>10', 20.032764823614798)	('>50', 6.943933107684646)	('>100', 10.37272535780127)	('>500', 2.63511806038796)	('>1k', 4.600952620324476)	('>5k', 1.420236248192126)	('>10k+', 2.3555719968214257)
SRR15969070_2	(1.0, 20.36264796298871)	(2.0, 8.590357935609221)	(3.0, 5.539878978563749)	(4.0, 4.140642380947577)	(5.0, 3.156966872138577)	(6.0, 2.630168992466468)	(7.0, 2.1826047523991887)	(8.0, 1.8793587799920453)	(9.0, 1.7082122055721307)	('>10', 22.14575659921614)	('>50', 7.1141000122738856)	('>100', 9.35584276353169)	('>500', 2.273139356900748)	('>1k', 4.277112452871855)	('>5k', 0.9134292052373171)	('>10k+', 3.729780749290686)
SRR15969071_1	(1.0, 22.546900432334958)	(2.0, 9.5717715053063)	(3.0, 5.796599717333877)	(4.0, 4.046986818564654)	(5.0, 2.9286599550984365)	(6.0, 2.3582951491223123)	(7.0, 1.8858983340966338)	(8.0, 1.6830003332080135)	(9.0, 1.4420595002689878)	('>10', 18.126753080062333)	('>50', 5.943354240141658)	('>100', 10.26695520307403)	('>500', 3.545241133658007)	('>1k', 6.616687045644576)	('>5k', 1.107726010734938)	('>10k+', 2.1331115413503388)
SRR15969071_2	(1.0, 20.57232308841359)	(2.0, 9.270750235129508)	(3.0, 6.000748311356378)	(4.0, 4.256810280475625)	(5.0, 3.163772769996106)	(6.0, 2.501524616276353)	(7.0, 2.0960076117267183)	(8.0, 1.7570599602159953)	(9.0, 1.4749928764885345)	('>10', 18.488353948034923)	('>50', 5.877428057365383)	('>100', 11.30123413765443)	('>500', 3.8016267640363055)	('>1k', 4.886136870711498)	('>5k', 1.1730009611277186)	('>10k+', 3.378229510990982)
